# Arguments: --env RPiLEDEnv-v0
-9547.76450991448 -9547.76450991448 100 13.90912 100
-6896.847141322283 -9521.255336228558 200 27.39158 100
-8338.39124213715 -9509.426695287644 300 41.325543 100
-11439.888711363608 -9528.731315448404 400 55.43198 100
-12927.627397009164 -9562.720276264012 500 69.627763 100
-9541.730888022224 -9562.510382381593 600 83.690347 100
-6759.397718018488 -9534.479255737962 700 97.82001 100
-9529.199195758436 -9534.426455138168 800 112.024455 100
-11699.012289887807 -9556.072313485663 900 126.06559 100
-9441.921548946788 -9554.930805840275 1000 140.195889 100
-12127.917613609708 -9580.66067391797 1100 154.953555 100
-9949.559400103 -9584.34966117982 1200 170.288447 100
-11130.277630065648 -9599.808940868677 1300 184.630694 100
-11419.02607911576 -9618.001112251148 1400 198.985129 100
-9678.505629952691 -9618.606157428163 1500 213.142408 100
-9082.051310004646 -9613.240608953927 1600 227.270901 100
-9550.941179839177 -9612.61761466278 1700 241.420682 100
-7127.514947801113 -9587.766587994163 1800 255.61703 100
-8232.954566132084 -9574.218467775543 1900 269.556317 100
-9713.11991541737 -9575.60748225196 2000 283.698041 100
-8641.487154432174 -9566.266278973762 2100 297.859676 100
-9426.878837072756 -9564.872404554751 2200 311.956459 100
-10193.462056130258 -9571.158301070505 2300 326.30223 100
-9425.131020269495 -9569.698028262495 2400 341.633461 100
-9652.617510486309 -9570.527223084735 2500 355.643357 100
-12663.667747262361 -9601.45862832651 2600 369.784574 100
-13249.627536387821 -9637.940317407123 2700 383.904083 100
-13377.883804744866 -9675.3397522805 2800 398.08631 100
-12868.131500818596 -9707.26766976588 2900 412.065585 100
-7300.198967492069 -9683.196982743142 3000 425.97853 100
-6979.718056458612 -9656.162193480297 3100 440.211938 100
-8862.49497411209 -9648.225521286615 3200 454.135298 100
-7307.195863234941 -9624.815224706099 3300 468.085536 100
-9282.496983995301 -9621.39204229899 3400 482.266937 100
-8462.132091228003 -9609.79944278828 3500 496.357331 100
-7199.046190822939 -9585.691910268628 3600 510.368713 100
-10580.666883806502 -9595.641660004007 3700 524.984109 100
-8673.290935601528 -9586.418152759981 3800 538.861449 100
-10718.124493218547 -9597.735216164567 3900 552.907938 100
-12295.608470680076 -9624.713948709721 4000 566.866881 100
-12667.849856149116 -9655.145307784114 4100 581.236351 100
-11993.982981426896 -9678.533684520542 4200 595.375517 100
-10785.318376984767 -9689.601531445185 4300 609.433185 100
-12828.988827519177 -9720.995404405925 4400 623.851272 100
-16622.030146795325 -9790.005751829818 4500 638.030367 100
-11634.257560278695 -9808.448269914306 4600 652.243717 100
-12694.333984613764 -9837.3071270613 4700 666.620146 100
-11278.28019422786 -9851.716857732965 4800 681.083115 100
-9152.033211772336 -9844.720021273359 4900 695.249099 100
